2.424 
2.396 
2.367 
2.338 
2.309 
2.279 
2.249 
2.218 
2.188 
2.157 
2.126 
2.095 
2.063 
2.031 
2.000 
1.968 
1.936 
1.904 
1.872 
1.840 
1.808 
1.776 
1.745 
1.713 
1.681 
1.650 
1.619 
1.588 
1.557 
1.526 
1.496 
1.466 
1.436 
1.407 
1.378 
1.349 
1.321 
1.293 
1.265 
1.238 
1.211 
1.184 
1.158 
1.133 
1.107 
1.083 
1.058 
1.034 
1.011 
0.988 
0.965 
0.943 
0.921 
0.900 
0.879 
0.858 
0.838 
0.819 
0.800 
0.781 
0.762 
0.744 
0.727 
0.710 
0.693 
0.676 
0.660 
0.645 
0.629 
0.614 
0.600 
0.586 
0.572 
0.558 
0.545 
0.532 
0.519 
0.507 
0.495 
0.483 
0.471 
0.460 
0.449 
0.439 
0.428 
0.418 
0.408 
0.399 
0.389 
0.380 
0.371 
0.363 
0.354 
0.346 
0.338 
0.330 
0.322 
0.315 
0.307 
0.300 
0.293 
0.287 
0.280 
0.274 
0.268 
0.261 

